ftv38atsp
4166,42.6194,0.85,0.15,78,4,1560-27-8-11-23-32-33-7-37-28-36-20-19-22-21-3-1-12-13-24-31-30-6-5-14-16-34-26-29-25-35-2-4-9-15-38-18-17-10
4019,52.0892,0.85,0.15,78,4,15628-9-7-19-29-36-30-34-3-25-33-11-6-5-4-35-26-20-18-14-37-8-32-31-10-13-38-1-2-0-27-23-21-24-22-15-12-16-17
3876,56.137,0.85,0.15,78,4,1562-35-31-34-25-28-36-14-18-15-11-19-33-17-1-26-23-29-0-16-24-27-10-8-12-13-22-20-21-5-37-30-9-6-3-4-38-7-32
4363,29.8095,0.85,0.15,78,4,15628-18-32-24-1-2-35-31-16-9-12-17-20-29-13-19-15-10-11-14-37-8-26-22-6-38-4-3-34-0-36-21-5-7-23-33-27-30-25
4254,36.0266,0.85,0.15,78,4,15613-31-36-25-27-12-20-18-37-19-8-14-5-16-1-24-22-0-11-7-3-29-2-4-33-26-15-28-21-23-32-38-35-9-6-10-17-30-34
4256,26.6088,0.85,0.15,78,4,1568-12-15-30-1-13-33-19-26-22-9-10-14-11-37-16-20-17-34-32-31-25-23-35-28-27-7-2-24-3-38-18-0-29-36-21-5-4-6
4222,0.7831,0.85,0.15,78,4,15627-25-31-14-18-30-2-34-22-0-19-3-16-33-17-1-15-4-23-24-20-13-12-11-10-26-9-37-36-38-29-32-35-28-21-5-8-7-6
4377,36.4057,0.85,0.15,78,4,1569-11-21-20-36-28-23-4-35-22-8-10-2-29-3-12-38-33-32-31-25-0-17-18-15-16-13-27-26-30-37-34-1-24-6-7-19-5-14
3926,29.2605,0.85,0.15,78,4,1563-5-4-30-25-22-20-10-31-32-34-13-21-36-17-18-27-24-23-12-19-11-9-16-0-7-8-6-26-15-37-35-1-2-38-29-28-33-14
4297,21.2613,0.85,0.15,78,4,15631-32-27-4-17-5-1-16-19-10-21-13-30-33-26-9-14-6-35-20-12-7-18-29-3-2-28-34-25-24-0-36-22-23-15-8-37-11-38
br17atsp
66,7.2486,0.85,0.15,34,4,6810-9-8-4-3-7-16-0-2-12-1-13-11-14-5-6-15
80,5.2238,0.85,0.15,34,4,689-6-3-14-4-5-12-15-16-7-8-11-13-1-10-0-2
80,2.5714,0.85,0.15,34,4,683-4-7-16-8-15-12-2-13-9-10-1-6-0-14-11-5
89,28.3746,0.85,0.15,34,4,6812-9-2-1-15-7-16-14-4-6-10-5-3-8-0-11-13
132,11.5615,0.85,0.15,34,4,688-3-16-11-4-5-0-9-10-2-13-12-1-14-7-6-15
93,12.7246,0.85,0.15,34,4,688-4-15-3-7-0-11-1-5-16-9-13-12-2-10-14-6
124,2.3213,0.85,0.15,34,4,681-6-4-5-10-2-13-8-3-16-0-14-7-11-12-9-15
89,2.8079,0.85,0.15,34,4,6815-12-9-2-11-8-14-0-13-1-16-10-5-7-3-4-6
74,4.3323,0.85,0.15,34,4,683-4-16-12-13-1-10-11-2-0-7-9-5-6-15-14-8
108,1.4799,0.85,0.15,34,4,685-8-15-3-14-9-1-11-12-0-13-2-7-16-4-6-10
